0.180974
0.010572
0.080882
0.141976
0.107924
0.061768
0.074940
0.066517
0.159790
0.130989
0.000942
0.049470
0.175191
0.011483
0.042276
0.025443
0.002544
0.057528
0.120909
0.068269
0.040071
0.036405
0.177493
0.079477
0.113292
0.033853
0.054665
0.009569
0.080299
0.078922
0.034885
0.144500
0.005002
0.115048
0.004948
0.014332
44.183570
36.277403
27.530314
45.042655
37.384097
9.152553
19.942911
34.142140
2.692792
40.063587
30.613306
47.165363
37.097929
29.586430
20.606926
5.827679
46.837308
28.792696
34.926729
23.450878
4.249903
18.098766
6.573049
3.651968
9.345740
15.735985
2.419176
39.384928
10.926828
13.949014
15.246487
41.142316
24.883680
36.079467
8.652237
27.158448
