-64.523683
-64.482843
-64.553086
-64.538280
-64.601184
-64.577078
-64.591730
-64.584931
-64.626634
-64.633213
-64.662944
-64.718253
-64.660869
-64.666710
-64.683021
-64.690218
-64.686352
-64.772040
-64.808925
-64.811891
-64.704126
-64.704553
-64.715745
-64.722415
-64.820014
-64.821278
-64.828567
-64.824558
-64.738489
-64.728661
-64.737131
-64.756246
-64.835310
-64.834555
-64.846202
-64.773976
-64.744456
-64.744105
-64.748434
-64.749155
-64.792337
-64.855102
-64.862073
-64.808410
-64.753025
-64.750532
-64.820396
-64.866477
-64.867483
-64.833540
-64.841536
-64.861434
-64.867968
-64.884712
-64.892435
-64.899246
-64.915570
-64.930996
-64.935854
-64.939776
-64.949141
-64.953356
-64.955218
-64.956872
-64.963197
-64.964785
-64.966323
-64.967933
-64.972087
-64.974118
-64.978442
-64.982524
-64.980732
-64.985504
-64.986533
-64.988756
-64.989737
-64.990622
-64.991537
-64.992097
-64.992523
-64.993259
-64.993731
-64.994242
-64.994720
-64.995004
-64.995349
-64.995691
-64.996004
-64.996235
-64.996532
-64.996799
-64.997074
-64.997377
-64.997636
-64.997816
-64.997984
-64.998198
-64.998394
-64.998320
-64.998494
-64.998465
-64.998579
-64.998667
-64.998781
-64.999040
-64.999143
-64.999203
-64.999242
-64.999286
-64.999243
-64.999440
-64.999483
-64.999516
-64.999551
-64.999596
-64.999649
-64.999683
-64.999689
-64.999683
-64.999718
-64.999725
-64.999737
-64.999738
-64.999754
-64.999753
-64.999745
-64.999746
-64.999760
-64.999749
-64.999767
-64.999762
-64.999759
-64.999769
-64.999771
-64.999752
-64.999751
-64.999765
-64.999768
-64.999754
-64.999773
-64.999774
-64.999778
-64.999777
-64.999757
-64.999770
-64.999771
-64.999775
-64.999772
-64.999758
-64.999758
-64.999779
-64.999783
-64.999789
-64.999791
-64.999780
-64.999774
-64.999773
-64.999778
-64.999779
-64.999778
-64.999783
-64.999781
-64.999795
-64.999789
-64.999790
-64.999797
-64.999785
-64.999783
-64.999781
-64.999781
-64.999787
-64.999786
-64.999786
-64.999798
-64.999791
-64.999792
-64.999800
-64.999787
-64.999787
-64.999787
-64.999787
-64.999781
-64.999787
-64.999787
-64.999787
-64.999802
-64.999801
-64.999792
-64.999793
-64.999803
-64.999802
-64.999788
-64.999788
-64.999804
-64.999793
-64.999793
-64.999805
-64.999805
-64.999806
-64.999805
-64.999807
-64.999807
-64.999807
-64.999807
-64.999807
-64.999807
-64.999808
-64.999807
-64.999807
-64.999807
-64.999808
-64.999808
-64.999808
-64.999808
-64.999808
-64.999808
-64.999808
-64.999808
-64.999809
-64.999809
-64.999809
-64.999809
-64.999809
-64.999809
-64.999809
-64.999809
-64.999809
-64.999809
-64.999809
-64.999809
-64.999809
-64.999809
-64.999809
-64.999809
-64.999809
-64.999809
-64.999809
-64.999809
-64.999809
-64.999810
-64.999809
-64.999809
-64.999809
-64.999809
-64.999810
-64.999810
-64.999810
-64.999810
-64.999810
-64.999810
-64.999810
-64.999810
-64.999810
-64.999810
-64.999810
-64.999810
-64.999810

