-63.722679
-63.681564
-63.753221
-63.738225
-63.813697
-63.777560
-63.797230
-63.784537
-63.822821
-63.853573
-63.895362
-63.971789
-63.892701
-63.860925
-63.876205
-63.883697
-63.930827
-64.048373
-64.101381
-64.106790
-63.959090
-63.897843
-63.908982
-63.990168
-64.119243
-64.118998
-64.129541
-64.126504
-64.019050
-63.921931
-63.930475
-64.052648
-64.144543
-64.138267
-64.163255
-64.087966
-63.937926
-63.937550
-63.941979
-63.942771
-64.126517
-64.178856
-64.191254
-64.162033
-63.946792
-63.944137
-64.189987
-64.199147
-64.200957
-64.222368
-64.243421
-64.299441
-64.319013
-64.372792
-64.398753
-64.423031
-64.484105
-64.543404
-64.562768
-64.579187
-64.619998
-64.638924
-64.646952
-64.655860
-64.688428
-64.696967
-64.705726
-64.715469
-64.742129
-64.755835
-64.786768
-64.816935
-64.803416
-64.839547
-64.847581
-64.865430
-64.873486
-64.880969
-64.888940
-64.893985
-64.897988
-64.905171
-64.909910
-64.915165
-64.920199
-64.923285
-64.927164
-64.931100
-64.934813
-64.937633
-64.941379
-64.944833
-64.948498
-64.952623
-64.956239
-64.958814
-64.961304
-64.964555
-64.967647
-64.966367
-64.969330
-64.968768
-64.970836
-64.972462
-64.974651
-64.979754
-64.981831
-64.983087
-64.983867
-64.984915
-64.983885
-64.988521
-64.989547
-64.990363
-64.991237
-64.992387
-64.993773
-64.994682
-64.994845
-64.994594
-64.995675
-64.995863
-64.996203
-64.996296
-64.996786
-64.996743
-64.996414
-64.996455
-64.996910
-64.996530
-64.997165
-64.997075
-64.996945
-64.997328
-64.997292
-64.996597
-64.996583
-64.997049
-64.997160
-64.996669
-64.997364
-64.997504
-64.997651
-64.997500
-64.996732
-64.997229
-64.997238
-64.997389
-64.997287
-64.996756
-64.996765
-64.997551
-64.997872
-64.998072
-64.998199
-64.997603
-64.997372
-64.997334
-64.997501
-64.997524
-64.997505
-64.997704
-64.997648
-64.998341
-64.998096
-64.998133
-64.998436
-64.997782
-64.997670
-64.997575
-64.997587
-64.997808
-64.997784
-64.997819
-64.998520
-64.998165
-64.998187
-64.998600
-64.997834
-64.997812
-64.997823
-64.997826
-64.997594
-64.997828
-64.997816
-64.997854
-64.998669
-64.998639
-64.998203
-64.998215
-64.998722
-64.998703
-64.997869
-64.997879
-64.998766
-64.998223
-64.998226
-64.998821
-64.998833
-64.998879
-64.998856
-64.998923
-64.998921
-64.998949
-64.998957
-64.998951
-64.998970
-64.998971
-64.998954
-64.998954
-64.998964
-64.998986
-64.999018
-64.999033
-64.999002
-64.998972
-64.998975
-64.999013
-64.999009
-64.999042
-64.999045
-64.999057
-64.999022
-64.999023
-64.999028
-64.999030
-64.999067
-64.999074
-64.999035
-64.999032
-64.999035
-64.999039
-64.999037
-64.999081
-64.999089
-64.999044
-64.999037
-64.999038
-64.999051
-64.999096
-64.999102
-64.999056
-64.999039
-64.999040
-64.999056
-64.999118
-64.999133
-64.999137
-64.999141
-64.999145
-64.999149
-64.999149
-64.999151
-64.999150
-64.999151
-64.999152
-64.999153
-64.999152

